.Random.seed <-
c(403L, 10L, 1464975994L, -1379760260L, 1525663679L, 595562645L, 
2077105836L, 443624578L, -297821091L, 1915552599L, -290800066L, 
-1066044808L, -341696165L, 2098426041L, 582115592L, -2059029578L, 
840904945L, -915241181L, -1225227918L, 648287172L, 20340615L, 
-1795955363L, 1717902164L, -1860836998L, 1659038917L, -1018474977L, 
282937766L, 1951894320L, -2078619181L, -11489295L, -627689184L, 
865839038L, -2006456375L, -2070190213L, -715735734L, -1401546324L, 
-1299491665L, 479981157L, 1448752668L, -353802126L, 1036177133L, 
-1995386073L, 1757204302L, -871192664L, -1750363221L, -1603776311L, 
-1230726952L, -773429882L, -526754719L, 353816051L, -345240478L, 
-1750283564L, 187882455L, 2136486349L, -1460337308L, -953142966L, 
-725575499L, 1385918479L, 1541712150L, -2030431296L, -1983709309L, 
1743646113L, -570994288L, 1020394094L, 378731545L, -294092629L, 
-746699622L, -1994058660L, 729788767L, 1584853813L, 1203574476L, 
-1951423454L, -107563395L, 1815538551L, 303965342L, -1369439400L, 
-1198217541L, 1292109913L, -571393048L, 537861654L, 1484595601L, 
-2068196797L, -1310273198L, 2081646052L, -1285067737L, -719177603L, 
-673946252L, -410810022L, 2025004965L, 923172799L, 395711558L, 
-2036526384L, -1268744973L, 1526077969L, -2024145856L, -1668272098L, 
-413618455L, -1048572901L, -1960590294L, 2019923788L, 932277519L, 
-1918496699L, -843974148L, 1262819410L, 376005069L, 2131395463L, 
2136761966L, -1809603000L, 1057079371L, -1929639511L, 1000449272L, 
-185790426L, -1621827263L, 2119163603L, 1808336514L, 25693364L, 
1211708471L, -244287699L, 565507140L, -25953942L, 1576785365L, 
-2081901713L, -155899274L, -1301295712L, -1078216093L, 1836051201L, 
217383536L, -1993015794L, -1958570375L, 591061515L, -1783981254L, 
610681404L, 675021183L, -1673557291L, 2112391916L, -1775109054L, 
1709003677L, -1794676201L, -1292685442L, -623837896L, 562117147L, 
-689527943L, -484469304L, 425118198L, 1064205361L, 590184035L, 
-753237454L, -1979445372L, -176972345L, -249564003L, 374928404L, 
6820538L, 1752331013L, -1061320481L, -43880090L, 2043196656L, 
-212254701L, -1960254031L, 155967584L, -898060802L, 191052169L, 
-731574597L, -587773302L, -1890962068L, 264344303L, 252579109L, 
-1099621412L, 2012051890L, 1483405485L, -745691033L, 989593486L, 
772450408L, -1058605973L, 319528457L, -50470760L, 74288070L, 
-98517215L, 2116488115L, -499866846L, -1225067244L, -121948777L, 
-1905619571L, 1729006756L, -1142444406L, -932027147L, -68805809L, 
786801750L, 1332619008L, -1755635133L, 1710782945L, -1244521136L, 
-1618390098L, 2008600921L, -1449586837L, -1594884390L, 1373441948L, 
1504719775L, -1031611915L, -222110580L, -85990046L, -1285064387L, 
209228215L, -897509794L, 1174323096L, 1713409787L, 165570201L, 
-131100888L, 1938695638L, -1062884783L, 395477251L, 837917842L, 
1126584868L, 1553296615L, 1223262525L, 550008244L, -966579686L, 
545018213L, -137445377L, -2054318458L, -1225134576L, -1026444109L, 
-154087599L, -1673010432L, 1279326686L, -1727815127L, -200355365L, 
319602410L, 1389366412L, -1344146481L, -1621318912L, -751743372L, 
-1869474808L, 1292564922L, -246598704L, 16983532L, 957157268L, 
1229045458L, 781879904L, -720675508L, 2131747104L, 969637506L, 
-1672628760L, -264784916L, -1111532996L, -617703822L, 505138032L, 
1446424868L, -1565580744L, -813942374L, -2107814448L, -215777860L, 
-207764332L, -1336301438L, -1952424512L, 572284732L, 1436225680L, 
-2058114270L, 602020360L, 1487284492L, 508762524L, -716633582L, 
774307712L, -1655936236L, 1037750568L, 2129025082L, -1205969968L, 
-1506546068L, -853503436L, -1573845358L, -1508692640L, -1892185780L, 
430900192L, -1835372126L, 380508584L, -451848564L, 319262140L, 
1167622770L, 971279344L, -1201376700L, -7245736L, 585122874L, 
290894960L, -555518916L, 602125588L, 535853762L, -67299616L, 
-1720865668L, 272063184L, 497224098L, 305945640L, 1410701068L, 
-2086543940L, -840321230L, 415481536L, -211820492L, -1255014712L, 
1886349498L, -1941736816L, -2024145172L, 1580149332L, 1276571282L, 
-725562080L, -1796143668L, 731373280L, 539411650L, 1898265640L, 
774218668L, -1058812228L, -863668238L, 977652272L, 721273764L, 
195280312L, -940007590L, 342294672L, -520433796L, -1956072172L, 
718551362L, -1687939840L, -1060924996L, 1152349520L, 1210138914L, 
2132398664L, -1432382452L, 129847900L, -1110305326L, 1090366976L, 
574937428L, -2061296408L, -869070598L, 2078067408L, 347381548L, 
-794217228L, 1920585106L, -936033952L, -460451828L, -441902880L, 
-104200606L, -2008293208L, -1504333748L, 943425404L, 733793586L, 
-1924403600L, 33056580L, -1438639144L, -818804870L, -746380240L, 
-2077792324L, -1537643948L, -641980350L, 1400051360L, -924593476L, 
2018926544L, 352813410L, -157644056L, -2030056244L, 2017942012L, 
2023485938L, 760973440L, 1644117492L, -167458168L, -1358715078L, 
-409677488L, -909512596L, -2101611116L, -115293102L, 1713279456L, 
-1967669044L, -1504736608L, -468629118L, 1751633128L, 1931088620L, 
-2019358404L, 1058071666L, 304746096L, -1229060572L, 829290552L, 
-1205590758L, -1891508016L, 1475960124L, -1097416812L, -1102868606L, 
994205632L, 1539581500L, 1342183824L, -823725022L, -1103570680L, 
-1025788788L, -1640783076L, -1821431662L, 147216768L, -1492796396L, 
-1913843928L, 1884608058L, 1400676816L, 181965164L, -1463879756L, 
-1463513582L, -1257245728L, 1419982284L, 1838601440L, 658489378L, 
1897383720L, 1459545612L, 1766073148L, 1032795122L, 200100592L, 
-456291772L, 109807192L, -1921497286L, -1962368016L, -507709764L, 
1202500884L, -163802942L, -1958085536L, 1470495100L, 1515907024L, 
506210594L, 758857384L, -1765143668L, -1069994820L, -1551868110L, 
374706752L, 1920099508L, -408333240L, -1967130182L, 942640656L, 
-955713300L, 1698638164L, 1939547922L, 600638880L, 1134455500L, 
-1533270432L, 627642306L, 699712296L, 750157228L, 1824133436L, 
757886834L, -2088206032L, 2121441060L, -36899528L, 1778047706L, 
-304965744L, -708996356L, -925409388L, -113731518L, 2119847168L, 
-967840708L, 434044240L, -141039454L, 263849800L, 471275276L, 
2086140636L, -1034665134L, -125484416L, 502605908L, 513555432L, 
-1988993409L, 700878616L, -292176330L, -1375457085L, -1269928699L, 
-1772923742L, 964029072L, -1187146183L, 416777963L, 2112026588L, 
115898890L, -1673417473L, -1438643895L, 285883102L, -842880884L, 
1861771357L, 546459239L, -1681473648L, -907521106L, 753146459L, 
-771647939L, 1197467818L, -1037354680L, 1897426289L, -380450077L, 
-570023452L, 1729613074L, 1674961127L, 12318385L, -848401162L, 
1716498196L, 1451927589L, 962235695L, 1466786536L, 1378443206L, 
-1260952973L, -1549122347L, 1290684082L, -419602816L, 1267705449L, 
-153982245L, 354080300L, 1004680762L, 1392046319L, 1720630137L, 
1764628494L, 1192852956L, -1010078131L, 623234487L, 1022436160L, 
-498011618L, -1842342677L, 927734893L, 34921690L, 2052678808L, 
-1372511487L, -1470134093L, 435217364L, 179928802L, -1687142537L, 
1017053889L, -829361594L, -1583088252L, 594518837L, 951238943L, 
337111160L, -285788842L, -884880413L, -1757248091L, 1862592578L, 
525641264L, -1754603943L, -1256138805L, 289916988L, 92468842L, 
-1683747681L, 1487314217L, -1179063874L, -968882004L, 1036627453L, 
423843143L, -1305948624L, 903567182L, 189303675L, 2119994589L, 
1575894282L, -674904024L, -262546287L, -1220073341L, 101828996L, 
1302902706L, -203982585L, 81476433L, 429181654L, 33305524L, 1390840773L, 
732400399L, -882108024L, -1701938010L, 1496558675L, 1680092597L, 
-1463139566L, -526970656L, -2032495287L, -46086277L, 1887461964L, 
-1388155942L, 744325583L, -527870055L, 20328366L, 608433340L, 
-1398731475L, -739344681L, -614168800L, -589713282L, 609310283L, 
-1354191795L, 1346925178L, -1071486280L, 918757473L, 2016633363L, 
215410740L, 1827923522L, -1598344617L, -1025637983L, 2127053414L, 
1812013668L, -304287339L, 1977215679L, -1722592680L, -1713928586L, 
1645255299L, -365936955L, 1813130210L, -1616222640L, 527446905L, 
458430635L, 65384476L, -1842110646L, 394106687L, 1376659849L, 
-1497286242L, -408162228L, -212714979L, 1354766247L, 1026239184L, 
